1138
0,1474.779
1,9.136654
2,69.61468
3,68.60106
0,9.017133 4,13.88805
5,116.8288
5,10.96124 3,34.62025 6,52.76726
7,30.25788
4,4.870921 8,7.174451
9,5.709526 8,0.905633 1,3.405995
10,27.18584 2,8.810573
10,1.238697 11,1.238697
12,7.142646
13,12.95337
14,1696.756
15,30.67485 14,30.67485
16,30.4878 14,30.4878
14,30.39514 17,30.39514
14,30.39514 18,30.39514
19,5746.122
20,5735.022 19,5714.287
20,5.205622 21,5.205622
22,5.186722 20,5.186722
20,5.181347 23,5.181347
20,5.162622 24,5.162622
7,3.752486 25,4.371336
26,9.123474 3,0.4755112
27,2.373605 26,2.373605
28,2.439024 26,2.439024
26,1.190334 29,1.190334
30,1.688214
31,1.688214 30,0.6254691
32,0.6581979
2,31.15265 12,1.85192 33,56.31459
25,0.6188502 34,10018.3 2,16.06684 7,0.4975867
35,10000.0
19,18.24817 36,80.33353 6,4.773726 5,56.81818
37,74.99123 10,7.418397
38,16.41742 37,15.67398
39,245.9335
39,126.5823 40,988.9011
41,28.98551 40,28.98551
39,55.24862 42,4403.075
40,833.3333 43,10833.33
39,64.10257 44,118.7474
45,10000.0
46,104.9318
45,10000.0 46,104.9318 47,20183.36
44,54.64481 48,288.754
49,988.9011 48,126.5823
49,28.98551 50,28.98551
51,874.3169 49,833.3333
52,1586.098 48,107.5269
52,1428.572 53,1957.633 47,78.43137
54,50.0 52,50.0
55,29.32551
56,112.3596
57,15.64945
58,24.3309
59,104.1667
60,125.0
61,50.76142
62,10059.54 55,29.32551
63,159.7102 62,30.21148
64,10015.92 62,10000.0
65,442.0023 56,112.3596
58,24.3309 65,97.08738 66,167.4071
66,30.67485 67,289.2932 65,24.27184 59,104.1667
66,15.31394 68,190.7525
69,225.5077 57,15.64945 68,175.4386
70,96.53917 63,40.98361
70,55.55556 71,84.92064
71,5.555555 72,5.555555
73,384.9024 67,47.5921 65,32.65326
73,40.32258 74,693.1041
75,147.3945 73,25.44529
76,5030.03 75,30.03003
73,34.3871 75,36.36364 77,262.67
77,90.90909 78,564.4214
73,15.82279 79,657.1666
80,420.0095 79,67.1141
81,4.975124
82,17.24138
83,17.57469
84,439.0805
85,6807.496
86,5319.472 84,172.4138 85,5000.0
86,147.0588 87,147.0588
88,65.3412
89,64.83059 67,32.33649
90,645.056 89,32.4941
91,258.8896 90,163.6515
91,95.2381 92,612.1849
93,464.0852 81,4.975124 92,10.90512 82,17.24138
94,76.57204 83,17.57469
95,10022.9 93,4.800768
96,12.12083 94,8.285004
37,46.2963 5,10.88139 97,57.17769
38,0.7434391 98,3.134068
99,40.73998 31,1.062744 32,0.6581979 30,1.062744
3,28.66497 100,34.2926 6,0.7772424 26,2.644999
6,1.072973 36,0.4934373 100,0.754091 101,47.04131 19,13.58696 3,0.7463244
102,10074.66 5,38.16794 3,4.093998 101,30.38753 6,0.5618293 100,1.451295
8,1.397898 2,4.86926 103,24.20333 33,10.13479 9,1.397898 12,5.290726 34,1.112756
104,420.7618 88,38.31417
105,12.07729 104,12.07729
106,32.15434
90,67.56757 106,32.15434 107,1008.813
104,370.3704 108,10370.37
107,909.0909 109,10974.79
109,41.84558 110,10056.95
111,301.7592
112,10040.49 111,7.420491
112,7.624856 113,10007.63
112,25.44529 114,76.67225 88,27.02703 90,24.19992
90,357.1429 115,436.123
115,10.9529 116,10.9529
117,5.521811
73,188.6792 118,228.3307 117,5.521811
119,126.5823
120,272.2888 119,126.5823 71,23.80952
121,152.6848 120,70.87661
118,34.12969 122,111.929 121,40.48583
123,97.81158 121,41.32232
123,32.67974 122,37.31343 124,363.2857 51,40.98361
115,68.02721 84,266.6667 124,81.38689 125,478.1926
126,84.92064 123,23.80952 75,55.55556
127,5.555555 126,5.555555
61,50.76142 125,62.1118 128,183.7952 124,70.92198
60,125.0 129,356.9032
130,896.646 63,16.05136
131,101.0104 130,75.18797
130,769.2308 132,918.7799 129,136.9863
132,12.56281 133,12.56281
134,10030.19
130,36.17595 135,99.82595 134,25.44529
136,108.031
137,217.898
136,72.46377 138,90.06557 134,4.748338
138,12.85347 139,45.52996
136,27.39726 137,28.98551 140,94.58748 135,38.20471
141,36.70324
142,20014.59
142,12.5 131,4.409171 143,10016.91
144,10022.01 95,7.24113
42,4347.826 145,7289.003
146,12941.18 145,2941.177
146,10000.0 147,10000.0
148,5.205622
149,73.52941
150,13.29787
151,10.40583
152,34.48276
153,13.71742
154,28.98551
155,144.9275
156,38.46154
157,28.0112
158,9.64196
159,21.37365
160,10.90321
161,87.51172
162,145.9383 161,46.08295
163,5.205622
164,117.6942
163,5.205622 148,5.205622 165,341.3369 164,60.60606
164,17.33102 166,34.66204
167,69.63064
168,25.6384 161,11.53403
169,30.28655
170,52.2535
171,66.85269 159,10.01001
129,51.81347 171,42.55319 172,206.2103 149,73.52941
173,50.63389
174,53.63491 150,13.29787 166,17.33102 164,11.18568
175,860.8028
175,172.4138 176,276.5804
170,39.21569 177,88.17661 175,20.98079
178,23.64066 174,11.82033
167,9.389671 179,28.49115 151,10.40583
180,23.14815
181,61.50294 158,4.730369 69,4.955401
180,23.14815 182,398.0187 181,29.94012 65,147.0588 152,34.48276
182,91.74312 183,192.1349 172,38.31417
184,8.064516
162,46.51163 185,126.2011
184,8.064516 186,107.524 185,41.66667 168,14.10437
186,29.67359 187,52.45263 169,22.77904
188,41.49792
189,33.0033
190,1149.633
191,824.6421 165,80.0
183,41.40787 192,247.007
164,28.57143 193,78.9974 169,7.507507
194,36.89613 190,10.71811
69,5.170631 195,5.170631
190,14.74926 196,36.48839
197,1200.703 192,60.60606 190,1111.111 154,28.98551
191,666.6667 189,33.0033 192,106.383 198,806.053
199,60.0913
199,43.87481 200,172.6985 67,50.25126 182,35.14939 162,13.6612 165,14.88095
199,16.21649 201,20.9357
178,11.82033 201,4.719207 202,16.53954
74,645.1613 203,645.1613
204,28.7262 181,16.72241 158,4.911591
205,18.89453 186,8.695652
176,104.1667 153,13.71742 206,881.1484 175,667.4082
192,38.61004 206,84.38818 207,122.9982
179,8.695652 161,7.451564 167,60.24096 186,5.319149 208,81.70734
209,1796.925
210,84.37634 173,12.7551 188,11.46789 194,26.17801 190,13.05483
210,20.9205 196,21.73913 211,42.65963
129,43.10345 212,282.2301 183,20.6697 155,144.9275
213,65.82166 177,15.06024
214,11.21076 209,11.21076
215,148.1264 188,30.03003 193,42.91846 173,37.87879 205,10.19888
216,1743.386 209,1666.667 170,13.03781 213,50.76142 177,12.9199
191,63.29114 209,119.0476 217,437.7814 165,175.4386 215,27.10027 200,14.88095 185,38.02281
156,38.46154 218,150.9842
218,86.20689 191,14.68429 219,100.8912
181,5.154639 220,18.99606 204,7.092198
171,4.873294 220,3.15856 160,4.730369 221,91.18269
222,54.62715 161,12.61034
223,18.73533 206,11.46789
220,3.590664 221,26.24672 224,29.83738
63,72.46377 157,28.0112 225,165.5428 65,28.57143 182,36.49635
162,39.68254 226,85.76549
227,97.42727 226,46.08295
228,27.62431 227,27.62431
218,26.31579 229,26.31579
227,12.7551 230,31.20529
161,9.832842 227,10.96491 222,42.01681 231,81.26475 230,18.45018
232,60.86859 159,11.36364 221,49.50495
233,29.17592
234,2117.081
234,67.56757 235,90.2339 233,14.55604
236,123.4571
237,188.1504
237,41.25455 238,59.24802
239,7.917656
240,2888.018 85,46.51163
240,185.1852 241,314.7918
242,14.59854 234,14.59854
241,57.14286 243,118.4926
241,72.46377 244,95.93795
240,89.28572 245,113.1521
246,582.7703
247,502.8284 246,270.2703
248,1666.667
249,1123.714
85,71.94245 250,210.8313
251,288.2195 92,131.5789
85,74.62687 240,123.4568 252,198.0837
253,383.7719
254,910.2564 247,232.5581 253,208.3333 246,312.5
255,10133.0
240,92.59259 249,92.59259 256,185.1852
141,21.55172 257,261.8486 254,31.44654
239,7.917656 258,20.85427
259,190.9901 254,71.94245
236,2.818489 260,131.0236 257,128.2051
261,183.095 94,9.67118
254,53.47594 249,78.74016 262,132.2161
93,239.4475 263,383.7008 92,12.67427
264,1017.575
240,123.4568 265,246.9136
250,138.8889 85,94.78674 266,566.0127
96,3.835827 267,158.6071 261,26.17801 94,7.142857
85,277.7778 268,486.1111
267,53.88283 269,2317.201 237,146.8959 234,2000.0 238,15.33742
92,66.0066 270,66.0066
271,70.5578 243,61.34969 234,9.208103
272,1295.094
273,606.0606 272,303.0303
240,13.44086 274,26.21225 269,12.77139
275,1062.5 264,999.9999 261,62.5
276,5086.957
277,27.55649 258,12.93661
240,31.74603 278,40.00367 269,8.257638
279,29.32551 269,29.32551
238,2.656042 280,2.656042
248,1666.667 281,1811.594 266,144.9275
85,138.8889 282,214.6465
268,208.3333 266,77.51938 283,285.8527
253,175.4386 276,86.95652 284,262.3951
285,8.1103 235,8.1103
286,18.97533 236,18.97533
287,127.4713 92,65.35947
288,5268.125 259,119.0476 249,119.0476 240,30.03003 276,5000.0
289,52.35602 255,52.35602
287,62.1118 85,49.01961 290,944.4647 240,833.3333
92,31.84714 282,75.75758 291,940.938 240,833.3333
240,138.8889 92,38.31417 292,234.3459 85,57.14286
293,234.3459 240,138.8889 92,38.31417 85,57.14286
294,38.31417
295,101.0101
296,118.4317 295,101.0101
297,74.64183 234,12.85347 294,38.31417 244,23.47418
234,12.85347 298,43.55529 240,13.28021 296,17.4216
299,122.395 264,17.57469 94,33.8983
300,153.7745 267,67.56757
85,689.6552 266,109.8901 301,799.5453
272,714.2858 302,1428.572
303,1380.582
304,459.2363 303,263.1579
305,37.87879
233,14.61988 306,138.0767 265,123.4568
307,81.30082
236,69.68641 277,14.61988 308,84.30629
245,23.86635 309,62.17845 251,21.50537 240,16.80672
263,131.5789 310,200.5445
311,1295.094 302,714.2858 273,303.0303
312,135.1351 251,135.1351
300,86.20689 313,170.9527 261,84.74576
311,277.7778 85,250.0 314,1688.798 303,208.3333 304,196.0784 272,277.7778
314,322.5806 315,360.1746
249,833.3333 316,10833.33 255,10000.0
144,14.77105 317,169.825 93,110.6696 269,34.36426
318,1236.111 314,125.0
319,16.36661 269,16.36661
240,88.49557 255,80.64516 320,169.1407
305,37.87879 321,107.6271 92,32.15434 315,37.59399
322,147.394 314,31.25 307,81.30082 92,34.8432
92,24.03846 323,51.89362
324,118.31 93,76.04562 323,27.85515 92,14.40922
325,85.46717 310,68.96552 92,16.50165
240,89.28572 257,80.64516 326,169.9309
109,10000.0 327,10000.0
303,909.0909 328,2020.202 318,1111.111
329,2.409639
330,0.8810573
331,1.666667
332,2.608922
333,1.446132
329,2.409639 334,30.26479
335,218.2724 330,0.8810573
334,27.85515 331,1.666667 336,260.9173 335,217.3913
337,19.08415 336,3.840246
336,3.955696 338,19.1996
338,15.2439 339,59.70203 337,15.2439 336,6.208189
340,20.88169 339,8.1103
340,12.77139 341,66.7209 339,14.89573
341,5.675369 342,15.14507
341,10.71237 343,28.10368
341,4.215851 344,26.63738
344,22.42153 342,9.469697 343,17.3913 345,102.5212
345,14.08451 346,54.57034
347,79.09587 346,40.48583
347,38.61004 345,20.70393 348,83.58582
332,2.608922 333,1.446132 348,24.27184 349,28.3269
350,7.374631
351,14.91256
352,17.04893 351,5.289326
353,28.97867
354,2.164971
355,13.59556
356,1.307306
357,46.94836
358,18.55447
359,8.05153
360,509.4518
361,22.4661
352,3.816794 362,96.66204
362,9.149131 363,9.149131
364,9.149131 362,9.149131
141,15.15152 350,7.374631 236,4.004806 365,41.86838
366,307.3316 109,10.77006 345,18.45018 110,7.27802
110,7.824726 367,111.9914 366,104.1667
368,72.9927
341,18.45018 109,13.08045 369,40.15504 111,8.624407
370,239.6594 368,72.9927
371,333.3333 366,166.6667 370,166.6667
372,9.149131 362,9.149131
373,9.149131 362,9.149131
374,122.031 354,2.164971
374,2.019386 375,2.019386
376,2.019386 374,2.019386
374,2.019386 377,2.019386
374,1.959632 378,1.959632
379,1.959632 374,1.959632
374,1.959632 380,1.959632
352,7.942812 353,6.199628 381,14.14244
382,84.26632 355,5.344736 353,22.77904
383,8.143323 382,8.143323
384,8.032128 382,8.032128
382,16.50165 385,16.50165
382,16.50165 386,16.50165
362,34.96503 387,94.03941
374,105.8201 387,22.98851 388,128.8086
389,7.077141 387,7.077141
387,7.077141 390,7.077141
382,6.963788 391,10.41564
392,32.25806
356,0.5700604 393,20.16254
356,0.7372456 393,19.59248 394,785.9075 387,4.739336 362,4.926108 391,3.451847
395,97.03087
396,690.4763
394,76.33588 397,84.5867 355,8.250825
398,77.51938 394,77.51938
399,10000.0
387,9.416196 400,29.10979
401,8.038586 400,8.038586
361,11.03753 402,11.03753
374,2.108815 403,5.644883
404,18.49416 387,7.77605 394,10.71811
394,473.7875 405,10591.18 395,86.43042
406,100.0442 362,10.75847 394,89.28572
351,2.934273 407,2.934273
408,10.22503 403,3.536068 351,6.688963
409,10155.49
409,10000.0 14,1574.803 410,11741.83
409,80.19246 411,111.7064 37,5.602555
13,12.95337 412,24.76907 411,9.425071 98,2.390629
413,319.0159
414,319.0159
78,48.07692 415,362.0423
78,48.07692 416,362.0423
417,39.25825
417,9.389671 418,9.389671
419,1716.987
419,38.75969 420,38.75969
421,11.56069 419,11.56069
422,606.9609
423,293.4111
424,905.9952 422,526.3158 53,119.0476
424,73.52941 425,536.205
426,35.58719 424,35.58719
427,305.9395
427,25.0 428,25.0
429,37.03704 427,37.03704
430,349.224 413,227.2727 427,121.9512
431,349.224 427,121.9512 414,227.2727
414,91.74312 413,91.74312 416,91.74312 432,602.0284 415,91.74312
433,32.05128 432,32.05128
434,83.68201
435,21.45923
436,548.2252 425,454.5455
436,45.6621 437,45.6621
436,6.222775 438,22.0206
439,11.16819 438,11.16819
440,45.41016 436,12.12121
440,33.28895 441,33.28895
442,1625.394
443,1323.529 442,73.52941
444,298.3669 53,184.5238
445,46.72897 444,46.72897
446,1251.698 79,476.1905 444,67.1141 53,147.0588
80,158.7302 447,178.454
448,2073.529 446,73.52941
448,2000.0 449,2196.806 80,175.4386
449,21.36752 450,21.36752
451,237.3635 79,98.03922 77,101.0101
451,38.31417 452,38.31417
78,377.3585 453,413.3297
453,35.97123 454,35.97123
455,105.5727
455,24.27184 456,24.27184
457,1323.682 443,1250.0 436,29.67359
458,18.69159 457,18.69159
459,51.68521 438,4.62963 457,25.31645
459,21.73913 460,21.73913
416,222.2222 461,492.9882 415,222.2222
461,48.54369 462,48.54369
447,19.72387 80,18.72659 463,86.29654
463,26.88172 464,92.6712
423,212.766 465,414.0324 424,151.5152
466,49.75124 465,49.75124
467,10000.0
468,10000.0
419,1666.667 442,1111.111 469,2777.778
470,71.30248
471,24.67105 470,24.67105
399,10000.0 472,10004.09
394,24.8139 362,5.599104 473,69.19151 472,4.095004 392,16.12903 358,18.55447
2,8.715357 474,31.94728
410,48.89976 475,81.26222
410,68.37394 476,228.7589
477,10195.93 411,3.253196 102,10000.0 470,11.01079 476,160.3849
360,9.451796 405,23.97024 478,118.9729 392,16.12903 357,46.94836
360,500.0 479,509.0252 478,9.02527
470,2.51756 480,26.89223
481,111.1026 475,32.36246
481,78.74016 482,10078.74 405,10000.0
480,4.597701 483,22.31696
480,4.425562 484,12.73121
410,49.75124 43,10000.0 485,10101.3
486,5.743825
487,5.743825
488,6.968641
489,7.077141
480,2.892765 487,5.743825 486,5.743825 490,41.56859 484,8.305648
490,16.91332 480,3.441512 489,7.077141 488,6.968641 470,2.24341 491,10036.64
492,11.23596
493,121.9512
494,46.2963
495,303.0303
496,104.1667
497,20.08032
498,87.33171
498,39.37008 499,39.37008
500,227.9827
500,33.19632 501,120.8391
502,121.5155
212,73.52941 503,195.9784 120,51.02041
493,121.9512 500,18.58736 503,71.42857 504,292.5258
505,10155.04 442,155.0388 47,10000.0
502,42.91846 506,295.7078 500,58.13953
507,265.0443 506,12.03369
508,912.198 506,53.0504
434,83.68201 509,2646.453 432,181.8182
510,29.78859 508,12.0919
511,99.0099
502,55.55556 512,185.3068 494,46.2963
513,28.32451 512,9.380863
508,82.64463 506,20.4918 514,688.1429
422,80.64516 423,80.64516 442,285.7143 514,416.6667 515,863.6713
514,10.34126 516,27.53012
514,18.18182 517,18.18182
425,8.130081 518,93.04359
508,238.0952 511,99.0099 519,2718.058 509,2380.952
520,520.433 504,41.49377 506,39.0625 500,32.67974 495,303.0303
521,260.4988 506,40.16064 520,104.1667 496,104.1667
521,12.0048 497,20.08032 522,247.5269
523,220.5431
524,78.74016
525,71.7446 504,17.60563
526,149.7379 525,21.45923
527,336.2918
528,196.0784 527,196.0784
529,261.7177
530,204.1382 525,32.67974 500,42.55319
530,53.71729 531,527.8732
523,158.7302 532,158.7302
533,740.9194 530,75.18797 435,21.45923 508,526.3158
534,37.48487 533,21.45923
514,80.64516 535,698.459 500,42.82655 533,56.49718
446,487.8049 535,416.6667 536,904.4716
535,21.14165 537,105.9105
538,18.18182 535,18.18182
512,74.07407 539,95.5333
540,13.9958
535,62.5 533,40.0 541,256.9678
468,10000.0 542,10075.1 541,42.91846 540,13.9958
542,18.18182 543,10018.18 467,10000.0
544,72.29217 417,29.86858 541,21.45923 463,20.96436
545,190.0901 124,100.0 541,90.0901
546,89.02235 514,59.1716 506,29.85075
547,7.942812
548,8.532423
549,35.33569
547,7.942812 550,65.62718
551,35.10244 550,17.51313
552,67.98992 502,23.04147 33,13.17523
553,351.6514 531,35.97123
550,15.47988 554,58.73003
555,150.6284 554,16.26016
556,25.14736 554,8.591065
551,3.012048 556,16.55629 557,103.3103
558,73.91173 555,64.93507
559,20.04772 551,14.57726
560,200.6328 552,26.73797
560,135.1351 561,143.5954
1,5.730659 548,8.532423 561,8.460238 0,5.730659 562,31.84037
563,113.4402 554,10.9529 455,81.30082 432,21.18644
564,5.017561
560,38.75969 554,7.446017 550,24.69136 10,9.718173 549,35.33569 565,120.1828
562,3.386387 564,5.017561 566,12.63586 565,4.231908
567,164.0549 524,78.74016
568,20.08032
569,14.70588
570,11.42857
571,14.85884
572,18.51852
573,93.45794 553,93.45794
574,400.0
575,23.74311
576,897.2149
529,9.708738 504,21.45923 577,45.98278
578,84.46193 555,7.886436 558,8.976661 569,14.70588
578,2.915452 579,16.74671
574,400.0 580,427.649
575,13.31558 581,209.394 522,196.0784
529,9.259259 582,29.98347
583,52.25406
584,121.8822 583,45.6621
585,2.538071
579,13.83126 586,66.82627
587,10.00413
588,6.075334
589,11.77992
590,15.86007 588,6.075334
591,7.564296
592,10.53741
593,63.69427
587,5.065856 594,9.471143 589,4.405286
595,22.07258
587,4.938272 585,2.538071 595,4.837929 596,12.31427
586,14.08451 597,14.08451
598,6.038647
593,63.69427 599,346.1801
599,4.708098 600,23.91828 590,9.784736
601,10.19709 600,5.24659
595,6.493506 602,49.17807
602,4.837929 592,10.53741 603,30.79998
604,31.29012 602,10.96491
605,3.743916
606,103.3102 595,10.74114 501,33.33334 584,38.91051 604,20.3252
607,44.10909
608,20.31041 501,11.02536
607,41.15226 605,3.743916 609,44.89618
591,7.564296 610,19.35675
611,7.843137 603,7.843137
584,34.0136 612,61.33601 501,27.3224
586,38.91051 613,38.91051
610,11.79245 614,19.37395 603,7.581501
589,7.374631 615,7.374631
616,51.02041
617,27.57334
618,180.4386 507,175.4386
618,5.0 619,7.089864
555,45.04505 620,137.2607
621,12.46672
622,18.4185
620,87.7193 623,110.7608
621,10.67236 624,17.12814
625,8.504332
626,15.82279
627,43.10402
628,5125.033 617,10.09082
629,27.86917
629,5.931198 627,33.22259 630,39.15379
631,10.68662 619,2.089864
632,4.178855 600,4.178855
633,12.45806 631,6.830601 625,5.627462
629,4.347826 625,2.87687 634,18.68799 624,6.455778
634,5.007511 635,8.039652
636,5000.0 628,5000.0
623,23.04147 637,23.04147
617,17.48252 507,56.49718 626,15.82279 638,100.1759 622,10.37344
639,4.950495 601,4.950495
640,3.560526 631,1.76616 621,1.794366
641,17.92648 622,8.045053 627,9.881423
628,114.9425 642,114.9425
643,87.81362
644,32.23264
645,35.23614
646,132.4334 531,113.6364
647,87.5595
648,89.50495
644,26.80965 649,43.7588
650,35.83253
531,91.3242 643,55.55556 651,4092.357
651,4.440497 652,31.9941 649,16.94915
653,184.7682
654,330.6451
655,4.040404
656,188.172 654,80.64516
657,298.2456
584,3.295979 658,65.79597
659,36.60525
660,500.0
643,32.25806 661,90.3976
531,45.87156 651,3333.333 662,3379.205
645,30.4878 663,60.0736
654,250.0 664,340.0901
665,623.4032 651,97.08738
666,5.494505
667,222.0213 531,63.29114 651,158.7302
668,400.0
669,69.18265 650,15.12859
657,131.5789 670,184.7704
657,166.6667 531,12.97017 661,58.13953 671,619.955 648,40.0
672,57.05873 531,32.78688 671,24.27184
673,340.5986
674,353.4448 673,322.5806
651,18.55288 675,172.399
658,62.5 531,28.24859 676,945.5062 653,39.84064 660,500.0
677,73.3233 676,4.347826 655,4.040404 647,64.93507
668,66.66667 670,53.19149 678,119.8582
679,103.5542
680,1637.427 665,526.3158
671,117.647 664,90.0901 681,207.7372
682,1.579031
683,1.923077
684,1.764913
685,328.5128 111,285.7143
686,18.34863 685,18.34863
685,24.44988 687,71.2075
683,1.923077 687,4.409431 682,1.579031 688,9.846897
689,10178.92 112,10000.0
690,10040.88 689,4.99002 684,1.764913
691,10000.0 690,10000.0
692,36.06505 688,1.935359
689,161.2903 687,8.312551 693,187.9515
690,34.12969 694,86.60801 693,18.34863 692,34.12969
695,70.92198 299,70.92198
696,23.45304 689,12.64223
696,10.81081 697,10.81081
698,27.1355 365,15.33742 687,3.82995
699,15.34276 687,7.374631 698,7.968128
700,10000.0 110,10000.0
701,50.80308 687,22.83105 236,27.97203
702,10000.0 144,10000.0
703,20.8778 95,10.85776 317,10.02004
95,10000.0 704,10000.0
705,11.04972
706,10067.62 492,11.23596 491,10000.0 470,5.08647 705,11.04972
477,20.67495 470,25.7732 707,78.90948
707,32.46134 483,10.70664 708,44.41736 411,0.6465378 477,0.6028454
474,12.28501 34,10000.0 552,5.035247 709,10017.32
710,10024.15 35,10000.0
711,10.78749
712,10.92896
711,10.78749 713,102.2441 400,11.65501 361,11.42857 712,10.92896 478,8.410429
359,8.05153 714,33.13305 713,25.08151
396,357.1429 405,3.519887 395,5.336179 715,370.5403
716,346.6114 405,3.472463 395,5.264266 715,4.541326 396,333.3333
717,14.51379
718,14.51379
719,14.51379
720,14.51379
721,14.51379
722,14.51379
7,26.0078 722,14.51379 717,14.51379 718,14.51379 719,14.51379 720,14.51379 710,11.7096 721,14.51379 723,156.8111 411,12.58653 474,10.94691
724,37.84963 99,35.58719 723,2.262444
725,45.27923 478,5.037783 706,40.24145
726,22.77734
727,22.77734 726,1.437174
728,22.54354
729,22.63133 728,0.5025378
729,22.12879 727,21.34016 485,51.54639 728,22.041 409,75.30121 726,21.34016 730,213.6977
731,2.369107 99,2.369107
483,7.012623 480,9.017133 732,16.02976
733,44.57415 723,6.215041 713,23.9521 710,12.43781 490,1.969202
734,3.749531
735,5.060729
736,10.41667
737,25.25253
738,6.666667
134,10000.0 739,10119.13
740,66.38967 739,29.06977
735,5.060729 741,97.15186 737,25.25253 131,21.41328 739,9.416196
742,65.14973 736,10.41667 221,2.668802 160,6.17284 741,36.00912 142,2.090738 734,3.749531
738,6.666667 743,120.6452 739,80.64516
744,10004.53 142,10000.0
744,4.531038 745,8.573075 742,4.042037
746,83.11967
747,35.75412 746,15.5521
740,30.12048 748,109.4856
749,36.15381
749,9.199632 750,9.199632
751,14.23959
752,79.36508 748,79.36508
753,101.7248
754,34.41619 171,9.416196
755,61.14975 743,33.33334
755,27.81641 756,100.7757 753,42.55319 747,20.20202 751,10.20408
746,67.56757 757,67.56757
740,7.199424 749,26.95418 758,34.1536
759,6.238303
760,27.13861 136,8.169934 759,6.238303
761,8.519817 751,4.035512
762,4.484305 761,4.484305
763,25.0 754,25.0
753,59.1716 764,59.1716
765,7.055951 760,4.730369
760,8.0 766,8.0
765,2.325581 767,8.877011
767,3.030303 768,3.030303
769,10003.68 522,3.675795
770,4.694836
770,4.694836 767,3.521127 771,8.215962
567,6.574622 772,41.97304
773,9.191176 772,9.191176
774,87.97093
580,9.65717 775,145.414 774,79.36508 570,11.42857
776,24.34617
777,27.51031
522,11.60093 777,27.51031 778,52.63487
778,3.543586 779,53.90431 582,13.03781 529,5.390836 577,14.81481
780,36.74781 507,21.07482 775,7.067138 774,8.605852
578,20.4918 599,277.7778 781,311.0084
578,7.85546 782,35.45316 571,14.85884 781,12.73885
575,10.42753 783,25.00479
784,85.04397 568,20.08032
576,769.2308 785,1295.897 784,26.66667
786,18.79838 778,9.980041
787,201.3442 784,16.80672
787,2.932551 788,6.317792
513,11.28668 789,67.99094
790,32.89474 789,32.89474
791,18.23483
776,3.907777 792,10007.82
792,3.907777 793,24.34617
794,127.8688 513,7.656968 772,6.067961 789,23.80952 776,5.797101 567,78.74016 793,5.797101
787,9.191176 629,17.59015 572,18.51852 784,5.941771 795,80.27805 775,2.511932 580,4.690432
796,107.3739 784,11.00715 775,3.435246 580,7.42942 529,4.800768 779,2.540005
796,4.818348 797,10.82075
580,5.87199 798,37.88935 791,10.1833 795,21.83406
776,14.64129 539,21.45923 793,14.64129 799,50.74181
772,5.646527 800,5.646527
801,10046.63 783,14.57726 576,8.93655 522,4.086637 772,14.49275 784,4.541326
796,4.5106 529,232.5581 802,290.2097 582,7.686395
802,45.45454 803,45.45454
804,136.4794 796,18.83239
805,4.975124
806,4.065041
807,13.33333
537,33.78378 527,56.17978 808,202.3231
74,4.608295 809,39.62731
810,26.31579 809,26.31579
811,500.0
812,805.5555
813,149.0395
814,112.3596 813,112.3596
815,67.98565
816,139.7763 815,47.61905
816,52.63158 817,52.63158
527,84.03362 818,340.5726 498,23.98081
819,232.5581 818,232.5581
805,4.975124 820,148.7724
821,133.5555
822,10000.0 769,10000.0
823,10000.0
824,20000.0 792,10000.0 823,10000.0
825,10000.0 142,10000.0
143,10000.0 826,10000.0
827,12.59221
139,18.62891 828,38.16908
829,35.75804 139,14.04757
830,21.56662
831,24.83065
829,12.15067 832,25.06136 828,9.785693
833,65.83865
834,97.96513
835,13.04241
827,3.399953 836,3.399953
837,11.84409 827,4.568296
838,9.75447 828,9.75447
839,9.559799 829,9.559799
830,10.30197 840,10.30197
841,6.55914 831,6.55914
842,3.125 832,3.125
833,9.816236 843,9.816236
844,1.626016 834,1.626016
845,6.806048 835,6.806048
846,6.595976
847,14.46535 846,6.595976
848,7.853637
849,9.019895
850,1.965569
851,2.941501
852,5.118024
853,3.149802 848,3.149802
854,6.506006 849,6.506006
855,0.805153 850,0.805153
856,1.692047 851,1.692047
857,3.252203 850,1.160416
858,6.666667 837,6.666667
859,1.422133 837,0.6091247
859,0.8130081 860,0.8130081
861,101.7126 834,96.33911
861,5.373455 848,2.352 862,10.56927
848,2.351835 863,26.18864
864,20.9205 863,20.9205
865,71.85119
866,5.135919
867,79.89591
867,68.02721 868,245.0375 865,67.1141 862,2.843818 851,1.249453 863,2.916302 830,11.26464 831,18.27151 835,6.236358
869,78.94842 868,67.1141
869,7.097232 867,7.077141 870,14.17437
871,3.439506
857,2.091788 872,19.16737 847,7.869369 849,2.513889
827,4.623957 873,65.74321 833,56.02241
874,268.8182
874,227.2727 875,232.3908 852,5.118024
865,4.737092 876,144.0989 869,4.737092 137,59.88025 867,4.791567
866,5.135919 876,54.4514 877,64.68417 873,5.09684
878,13.23977
821,77.51938 879,77.51938
880,15.55936
871,3.439506 872,6.692322 137,129.0323 880,15.55936 881,209.5087 874,41.54549 878,13.23977
876,15.50147 882,15.50147
883,208.6253
812,11.13586 884,67.07021 821,25.64103 534,16.02564
885,34.37894
806,4.065041 886,30.75514
887,34.51973 820,22.72727
888,526.3158
889,90.17906
890,55.55556 889,55.55556
891,185.8299
891,78.74016 892,78.74016
893,10037.21
578,18.21494 894,486.023 885,13.2626
886,15.94896 895,48.8437
820,114.9425 807,13.33333 896,242.6641 886,10.74114 895,32.89474
897,119.8733
898,208.295 891,68.02721
898,36.10108 899,36.10108
900,10010.86
901,400.0
555,16.50165 902,27.64992
903,479.299
903,256.4103 904,256.4103
901,400.0 905,613.7151
816,39.52569 906,58.35809
907,200.9013 531,13.75516 889,11.79245 898,104.1667
811,500.0 553,222.2222 813,23.14815 908,941.4488
908,196.0784 909,196.0784
910,131.5789
911,193.5415 907,43.47826 531,18.48429 910,131.5789
896,54.05405 912,64.91182 900,10.85776
537,7.002801 510,6.779661 498,23.98081 913,181.033 897,21.83406 884,9.425071
914,103.0928
915,81.96722
907,7.668712 888,526.3158 896,3.943218 889,22.83105 916,754.9636
916,121.2121 813,13.5318 884,4.842615 74,3.012048 531,6.426735 917,232.832 809,8.70322
918,69.87296 917,52.63158
808,112.3596 919,112.3596
893,24.93765 820,6.127451 526,4.553734 920,123.4495
905,17.63668 921,10033.82
922,41.8209 920,22.98851 906,18.83239
923,79.77273 920,29.06977 887,11.79245
924,38.91051 923,38.91051
914,103.0928 897,98.03922 510,10.91703 925,212.049
891,39.0625 907,20.04008 578,3.4153 926,138.2073 885,6.146282 815,20.3666 920,5.208333
926,37.17472 927,1045.494
928,999.9999 927,999.9999
916,72.9927 921,16.18123 929,185.3278
929,96.15385 930,96.15385
931,78.74016
920,23.98081 526,5.621135 932,187.4276
932,131.5789 933,131.5789
913,29.23977 934,94.47811 821,30.39514
893,12.26994 935,10045.17
927,8.319468 883,114.2857 936,199.8084 926,6.793478 501,15.96169 935,32.89474 885,14.97006 920,6.583279
937,78.74016 913,78.74016
905,196.0784 938,388.3861 903,192.3077
918,17.24138 812,25.18892 939,141.4402
940,400.0
932,26.24672 941,26.24672
942,80.64516
942,80.64516 943,123.9813 896,12.7551 903,30.58104
944,3.323363
945,10.52632
946,34.8432 934,34.8432
537,11.17318 947,110.8715
786,8.818342 948,102.1358 779,14.57726 931,78.74016
949,59.13499
949,4.399472 950,26.76585
947,12.90323 951,78.2627
537,10.48768 952,32.95959
940,400.0 939,99.0099 953,528.2497
952,22.47191 949,35.77818 954,69.13462 947,10.88454
949,18.95735 955,18.95735
518,16.42036 947,18.50139 956,153.211
957,52.94486 956,17.85714 947,35.08772
953,29.23977 958,29.23977
959,465.3595 951,65.35947
944,3.323363 960,17.72833
961,42.96098 960,6.060606
960,2.007226 962,10.88517 913,4.030633
947,22.32143 537,22.32143 963,44.64286
964,31.12432 945,10.52632 950,4.962779
961,36.90037 965,135.9103
956,21.69197 966,90.18512 518,68.49315
960,6.337135 964,5.945303 967,78.07191 464,65.78947
968,26.28135 950,10.17294 964,9.689922
968,6.418485 969,6.418485
965,99.0099 970,110.4385
971,16.27588 962,4.84731 970,11.42857
956,78.74016 959,400.0 972,478.7402
973,999.9999
974,7.230658 950,7.230658
975,131.2277
976,72.9927 975,72.9927
977,11.99041
557,4.599816 978,212.9332
979,17.87741 557,12.40695 559,5.470459
980,214.386
981,192.3077 980,192.3077
982,1216.031 978,208.3333 973,999.9999
983,12.04819 980,12.04819
523,43.85965 984,73.44217
557,12.0919 982,7.69823 985,19.79013
984,24.27184 902,11.14827 986,74.94581
987,25.27583
988,48.93494 557,14.4405 975,11.28668 977,11.99041 984,5.310675
988,5.906674 989,5.906674
915,81.96722 990,98.75978 557,13.86001
990,2.932551 991,2.932551
992,29.40311 516,12.95337 987,12.42236
992,4.027386 993,4.027386
994,28.39029 987,12.85347 516,4.235493
995,78.74016
996,95.07378 994,7.267442 995,78.74016
994,4.033885 997,31.19142 996,9.066183 980,10.03009 557,8.061266
986,39.52569 998,39.52569
999,18.28154 557,18.28154
975,46.94836 523,17.95332 1000,64.90168
1001,8.319468
1002,4.084967
1003,3.15856
1004,10.41667
1005,125.0263
1006,4.149378 1005,4.149378
1007,24.42002
1008,10093.68 113,10000.0
1008,1.567398 1009,1.567398
1010,41.15226
1011,5.87199
1005,19.26782 1012,748.2476
1013,75.75758
1014,34.60208
1015,4.102139
1016,73.80074
1008,21.18644 1017,21.18644
1018,60.25767 1005,10.48218 1008,6.297229
1019,34.96503
1019,34.96503 1005,55.24862 1008,4.244482 1020,94.45814
1021,57.14286 1008,57.14286
1007,24.42002 1022,66.38087 1012,15.07159
1023,11.00568 1022,6.973501 1015,2.283626
1022,7.352941 1024,11.7895
223,7.267442 1025,16.88283
1022,12.56281 1001,8.319468 1025,9.615384 1026,38.77231
1026,3.372681 1027,7.809239 1024,4.436557
1028,10562.83 108,10000.0 1012,454.4287 1016,73.80074 1014,34.60208
1012,32.57329 1005,14.32665 1029,56.26324
1030,9.363297 1029,9.363297
1003,3.15856 1031,19.43661
1018,43.47826 1032,43.47826
1031,5.455537 1033,9.022608 1023,1.748557 1015,1.818512
1002,4.084967 1034,34.63528 1026,4.901961 1005,21.55167
1034,4.096682 1035,14.91919 1031,10.82251
1036,118.3432 1012,118.3432
1012,102.5641 1037,102.5641
1004,10.41667 1012,5.9988 1013,75.75758 1038,92.17304
1010,41.15226 1011,5.87199 1039,50.26365 1008,3.239391
1040,85.46367 646,18.79699 676,66.66667
647,22.62444 1041,22.62444
675,153.8461 1042,179.8878
1043,51.6919
1044,69.24763 650,20.70393
673,18.01802 1045,71.20951
679,46.08295 1046,106.0162 531,11.38952 1044,48.54369
1047,10.60445 652,10.60445
671,40.0 1048,66.17801
674,30.8642 1043,33.8983 76,5000.0 659,17.03578 1049,5329.354 671,16.80672 1042,26.04167
1049,4.708098 666,5.494505 645,4.748338 1050,18.55844
1051,218.3486 671,18.34863 1049,200.0
680,1111.111 1043,17.79359 1052,1128.905
1053,359.5114 651,333.3333 1048,26.17801
1054,267.5334 648,49.50495 656,107.5269
1050,3.607503 1054,4.118616 663,29.5858 1055,37.31192
1056,202.3988 653,144.9275 679,57.47126
1045,53.19149 1057,532.3185 1054,106.383 671,19.84127 659,19.56947 668,333.3333
676,243.9024 1058,295.9858
644,5.422993 1059,5.422993
620,4.496403 1058,52.08333 1060,56.57973
1061,9.573448
1062,14.97518 69,4.623209
1063,15.77324
1064,56.4111 69,16.47446
1065,14.0056
1066,2.654632
1065,14.0056 608,9.285051 583,6.591958 1067,96.37038 526,35.27337
1067,21.64502 1068,49.50018
1069,27.63299
1066,2.654632 1070,6.953859
1061,6.301197 1071,10.51705
1072,194.6093 526,30.67485
1072,163.9344 1062,10.35197 69,3.195909 1073,315.5717 526,25.83979
1073,5.040322 1071,4.215851 1074,25.04781 1063,11.49425
1075,18.69159
1076,82.05888 1075,18.69159 1064,7.256895 1069,21.09705
1076,9.416196 1077,30.82096
1078,3.007519
1076,9.328359 1079,42.00809 1064,32.67974
1073,85.47009 1080,85.47009
1081,4.297379 1074,4.297379
1082,500.0
1077,17.66784 1083,17.66784
1077,3.736921 1061,3.272251 1084,7.009172
1068,27.85515 1073,21.73913 1085,49.59428
1063,4.27899 1086,504.279 1082,500.0
1076,11.54734 1087,15.84657 1070,4.299226
1088,12.21374
1089,123.7557 576,119.0476
1090,14.65977 1089,4.708098
1067,9.569378 602,26.88172 1091,36.4511
1090,5.681818 1092,14.98414
788,3.38524 1093,6.417381 635,3.03214
1076,4.721436 64,15.92357 1094,136.3807
1094,4.440497 1095,16.50748
1096,99.0099
1097,15.8597 1092,9.302325
1097,6.557377 1098,6.557377
1094,7.342144 1096,99.0099 1099,110.9308
1100,13.03916 607,2.95683 1099,4.578754
1101,4.524887
1102,7.581501 1095,7.581501
1103,46.18962
1104,22.27241 1094,16.23377 598,6.038647
1088,9.225092 1105,15.2311
1095,2.338634 1106,2.338634
1090,4.269855 1107,4.269855
1105,6.006006 1108,6.006006
1109,10.67965 791,8.05153
1110,7.380074
1095,2.146844 1088,2.988643 1111,9.660375 1101,4.524887
1094,87.7193 1112,94.25525 1069,6.535948
797,6.002401 1109,2.628121 1113,15.25571
1113,4.384042 1114,4.384042
1115,2.241148 1113,2.241148
1116,7.461862 1078,3.007519
1117,23.14815 1103,23.14815
1103,23.04147 1110,7.380074 1118,80.42155 796,50.0
1116,4.454343 1100,5.503577 1119,9.95792
669,54.05405 1120,159.3172 671,105.2632
812,769.2308 1121,791.0173
883,94.33962 616,51.02041 1122,145.36
1123,37.05693 526,26.31579
1124,454.5455 894,454.5455
893,10000.0 1125,10000.0
1126,31.94888 775,31.94888
1127,500.0 785,500.0
900,10000.0 1128,10015.82
917,22.47191 1129,22.47191
1130,24.39024
1131,172.4138 787,172.4138
1132,10000.0 921,10000.0
935,10000.0 1133,10000.0
1123,10.74114 1134,26.56392 1128,15.82279
1135,46.17674 1121,21.78649 1130,24.39024
1136,10000.0 801,10000.0
804,117.647 1137,117.647
